          AutoDock 4.2 Release 4.2.6   
         (C) 1989-2012 The Scripps Research Institute
        AutoDock comes with ABSOLUTELY NO WARRANTY.
        AutoDock is free software, and you are welcome
        to redistribute it under certain conditions;
        for details type 'autodock4 -C'

                     main.cc  $Revision: 1.213 $

                   Compiled on Jul 18 2014 at 18:34:22


This file was created at:			11:03 07" a.m., 02/15/2019
                   on host:		"sinux-GTX1080Ti"
Current Working Directory = "/home/student/Alireza_Doustmohammadi/Bioinf"

      ________________________________________________________________

                   SETTING UP DEFAULT PARAMETER LIBRARY
      ________________________________________________________________


Random number generator was seeded with values 11295, 1550215987.
Docking parameter file (DPF) used for this docking:		dpf.dpf
DPF> autodock_parameter_version 4.2       # used by autodock to validate parameter set

	Autodock parameter version 4.2.
DPF> outlev 1                             # diagnostic output level

Output Level = 1  ADT-COMPATIBLE OUTPUT DURING DOCKING.
DPF> intelec                              # calculate internal electrostatics

Electrostatic energies will be calculated for all non-bonds between moving atoms.
DPF> seed pid time                        # seeds for random generator

Random number generator was seeded with values 11295, 1550215987.
DPF> ligand_types A C Cl NA F OA N        # atoms types in ligand

DPF> fld Rigid.maps.fld                   # grid_data_file

Opening Grid Map Dimensions file:		Rigid.maps.fld
Grid Point Spacing =				0.132 Angstroms

Even Number of User-specified Grid Points =	126 x-points
						126 y-points
						126 z-points

Coordinates of Central Grid Point of Maps =	(46.776, 22.839, 9.943)
Macromolecule file used to create Grid Maps =	Rigid.pdbqt
Grid Parameter file used to create Grid Maps =	gpf.gpf
Minimum coordinates in grid = (38.460, 14.523, 1.627)
Maximum coordinates in grid = (55.092, 31.155, 18.259)

DPF> map Rigid.A.map                      # atom-specific affinity map

DPF> map Rigid.C.map                      # atom-specific affinity map

DPF> map Rigid.Cl.map                     # atom-specific affinity map

DPF> map Rigid.NA.map                     # atom-specific affinity map

DPF> map Rigid.F.map                      # atom-specific affinity map

DPF> map Rigid.OA.map                     # atom-specific affinity map

DPF> map Rigid.N.map                      # atom-specific affinity map

DPF> elecmap Rigid.e.map                  # electrostatics map

DPF> desolvmap Rigid.d.map                # desolvation map

DPF> move 52E.pdbqt                       # small molecule

1,4-interactions will be _ignored_ in the non-bonded internal energy calculation.

Ligand PDBQT file = "52E.pdbqt"

Flexible Residues PDBQT file = "Flex.pdbqt"

INPUT LIGAND PDBQT FILE:
________________________

INPUT-LIGAND-PDBQT: REMARK  10 active torsions:
INPUT-LIGAND-PDBQT: REMARK  status: ('A' for Active; 'I' for Inactive)
INPUT-LIGAND-PDBQT: REMARK    1  A    between atoms: N1_1  and  C11_16 
INPUT-LIGAND-PDBQT: REMARK       I    between atoms: N1_1  and  C12_17 
INPUT-LIGAND-PDBQT: REMARK       I    between atoms: N3_3  and  C19_21 
INPUT-LIGAND-PDBQT: REMARK    2  A    between atoms: N3_3  and  C20_22 
INPUT-LIGAND-PDBQT: REMARK    3  A    between atoms: C15_5  and  C16_6 
INPUT-LIGAND-PDBQT: REMARK    4  A    between atoms: C15_5  and  C14_19 
INPUT-LIGAND-PDBQT: REMARK    5  A    between atoms: C16_6  and  C17_7 
INPUT-LIGAND-PDBQT: REMARK       I    between atoms: N2_10  and  C12_17 
INPUT-LIGAND-PDBQT: REMARK    6  A    between atoms: N2_10  and  C14_19 
INPUT-LIGAND-PDBQT: REMARK    7  A    between atoms: C10_15  and  C11_16 
INPUT-LIGAND-PDBQT: REMARK    8  A    between atoms: C14_19  and  C18_20 
INPUT-LIGAND-PDBQT: REMARK    9  A    between atoms: C18_20  and  O32_32 
INPUT-LIGAND-PDBQT: REMARK   10  A    between atoms: C19_21  and  O32_32 
INPUT-LIGAND-PDBQT: ROOT
INPUT-LIGAND-PDBQT: HETATM    1  N1  52E A 901      47.444  18.588   8.437  1.00 33.64    -0.214 NA
INPUT-LIGAND-PDBQT: HETATM    2  N2  52E A 901      49.017  19.084  10.376  1.00 37.27    -0.299 N 
INPUT-LIGAND-PDBQT: HETATM    3  C12 52E A 901      47.639  18.958   9.824  1.00 35.54     0.342 C 
INPUT-LIGAND-PDBQT: HETATM    4  C13 52E A 901      50.181  18.832   9.512  1.00 36.51     0.130 C 
INPUT-LIGAND-PDBQT: HETATM    5  O29 52E A 901      46.664  19.169  10.548  1.00 37.34    -0.245 OA
INPUT-LIGAND-PDBQT: ENDROOT
INPUT-LIGAND-PDBQT: BRANCH   1   6
INPUT-LIGAND-PDBQT: HETATM    6  C11 52E A 901      46.084  18.465   7.896  1.00 33.51     0.158 C 
INPUT-LIGAND-PDBQT: BRANCH   6   7
INPUT-LIGAND-PDBQT: HETATM    7  C10 52E A 901      45.351  19.750   7.523  1.00 30.05     0.015 A 
INPUT-LIGAND-PDBQT: HETATM    8  C6  52E A 901      44.045  19.694   7.045  1.00 31.30     0.083 A 
INPUT-LIGAND-PDBQT: HETATM    9  C5  52E A 901      43.367  20.888   6.699  1.00 27.94     0.150 A 
INPUT-LIGAND-PDBQT: HETATM   10 CL1  52E A 901      43.256  18.181   6.873  1.00 47.11    -0.080 Cl
INPUT-LIGAND-PDBQT: HETATM   11  C7  52E A 901      43.995  22.093   6.836  1.00 29.09     0.030 A 
INPUT-LIGAND-PDBQT: HETATM   12  F35 52E A 901      42.120  20.836   6.243  1.00 38.62    -0.203 F 
INPUT-LIGAND-PDBQT: HETATM   13  C8  52E A 901      45.300  22.147   7.314  1.00 28.50     0.002 A 
INPUT-LIGAND-PDBQT: HETATM   14  C9  52E A 901      45.977  20.958   7.658  1.00 25.58    -0.001 A 
INPUT-LIGAND-PDBQT: ENDBRANCH   6   7
INPUT-LIGAND-PDBQT: ENDBRANCH   1   6
INPUT-LIGAND-PDBQT: BRANCH   2  15
INPUT-LIGAND-PDBQT: HETATM   15  C14 52E A 901      49.211  19.458  11.781  1.00 37.33     0.118 C 
INPUT-LIGAND-PDBQT: BRANCH  15  16
INPUT-LIGAND-PDBQT: HETATM   16  C15 52E A 901      50.271  18.586  12.509  1.00 31.94     0.061 C 
INPUT-LIGAND-PDBQT: BRANCH  16  17
INPUT-LIGAND-PDBQT: HETATM   17  C16 52E A 901      50.164  17.093  12.361  1.00 40.74     0.187 C 
INPUT-LIGAND-PDBQT: HETATM   18  O31 52E A 901      51.432  16.575  12.055  1.00 50.51    -0.221 OA
INPUT-LIGAND-PDBQT: BRANCH  17  19
INPUT-LIGAND-PDBQT: HETATM   19  C17 52E A 901      49.644  16.427  13.586  1.00 36.32     0.215 C 
INPUT-LIGAND-PDBQT: HETATM   20  O30 52E A 901      48.277  16.153  13.643  1.00 46.55    -0.218 OA
INPUT-LIGAND-PDBQT: ENDBRANCH  17  19
INPUT-LIGAND-PDBQT: ENDBRANCH  16  17
INPUT-LIGAND-PDBQT: ENDBRANCH  15  16
INPUT-LIGAND-PDBQT: BRANCH  15  21
INPUT-LIGAND-PDBQT: HETATM   21  C18 52E A 901      49.549  20.931  11.889  1.00 31.26     0.176 C 
INPUT-LIGAND-PDBQT: BRANCH  21  22
INPUT-LIGAND-PDBQT: HETATM   22  O32 52E A 901      49.327  21.722  10.777  1.00 37.28    -0.281 OA
INPUT-LIGAND-PDBQT: BRANCH  22  23
INPUT-LIGAND-PDBQT: HETATM   23  C19 52E A 901      48.398  22.730  10.837  1.00 33.97     0.389 C 
INPUT-LIGAND-PDBQT: HETATM   24  N3  52E A 901      48.800  24.087  10.606  1.00 33.44    -0.167 NA
INPUT-LIGAND-PDBQT: HETATM   25  O33 52E A 901      47.253  22.482  11.151  1.00 37.74    -0.236 OA
INPUT-LIGAND-PDBQT: BRANCH  24  26
INPUT-LIGAND-PDBQT: HETATM   26  C20 52E A 901      47.840  25.047  10.134  1.00 33.26     0.168 A 
INPUT-LIGAND-PDBQT: HETATM   27  N4  52E A 901      46.548  24.713  10.069  1.00 28.63    -0.225 NA
INPUT-LIGAND-PDBQT: HETATM   28  C24 52E A 901      45.643  25.614   9.626  1.00 25.22     0.101 A 
INPUT-LIGAND-PDBQT: HETATM   29  C23 52E A 901      46.006  26.937   9.213  1.00 24.85     0.019 A 
INPUT-LIGAND-PDBQT: HETATM   30  C22 52E A 901      47.323  27.303   9.270  1.00 26.20     0.005 A 
INPUT-LIGAND-PDBQT: HETATM   31  C28 52E A 901      45.015  27.874   8.745  1.00 28.06     0.002 A 
INPUT-LIGAND-PDBQT: HETATM   32  C21 52E A 901      48.268  26.325   9.746  1.00 29.60     0.039 A 
INPUT-LIGAND-PDBQT: HETATM   33  C25 52E A 901      47.715  28.605   8.869  1.00 26.71     0.000 A 
INPUT-LIGAND-PDBQT: HETATM   34  C26 52E A 901      46.742  29.524   8.409  1.00 28.50     0.000 A 
INPUT-LIGAND-PDBQT: HETATM   35  C27 52E A 901      45.396  29.147   8.352  1.00 31.73     0.000 A 
INPUT-LIGAND-PDBQT: ENDBRANCH  24  26
INPUT-LIGAND-PDBQT: ENDBRANCH  22  23
INPUT-LIGAND-PDBQT: ENDBRANCH  21  22
INPUT-LIGAND-PDBQT: ENDBRANCH  15  21
INPUT-LIGAND-PDBQT: ENDBRANCH   2  15
INPUT-LIGAND-PDBQT: TORSDOF 10
________________________________________________________________________________

INPUT FLEXIBLE RESIDUES PDBQT FILE:
___________________________________

INPUT-FLEXRES-PDBQT: BEGIN_RES 52E A 901
INPUT-FLEXRES-PDBQT: REMARK  10 active torsions:
INPUT-FLEXRES-PDBQT: REMARK  status: ('A' for Active; 'I' for Inactive)
INPUT-FLEXRES-PDBQT: REMARK       I    between atoms: N1   and  C12 
INPUT-FLEXRES-PDBQT: REMARK    1  A    between atoms: N1   and  C11 
INPUT-FLEXRES-PDBQT: REMARK       I    between atoms: N2   and  C12 
INPUT-FLEXRES-PDBQT: REMARK    2  A    between atoms: N2   and  C14 
INPUT-FLEXRES-PDBQT: REMARK    3  A    between atoms: C11  and  C10 
INPUT-FLEXRES-PDBQT: REMARK    4  A    between atoms: C14  and  C15 
INPUT-FLEXRES-PDBQT: REMARK    5  A    between atoms: C14  and  C18 
INPUT-FLEXRES-PDBQT: REMARK    6  A    between atoms: C15  and  C16 
INPUT-FLEXRES-PDBQT: REMARK    7  A    between atoms: C16  and  C17 
INPUT-FLEXRES-PDBQT: REMARK    8  A    between atoms: C18  and  O32 
INPUT-FLEXRES-PDBQT: REMARK    9  A    between atoms: O32  and  C19 
INPUT-FLEXRES-PDBQT: REMARK       I    between atoms: C19  and  N3  
INPUT-FLEXRES-PDBQT: REMARK   10  A    between atoms: N3   and  C20 
INPUT-FLEXRES-PDBQT: ROOT
INPUT-FLEXRES-PDBQT: HETATM    1  N1  52E A 901      47.444  18.588   8.437  1.00 33.64    -0.214 NA
INPUT-FLEXRES-PDBQT: HETATM    2  N2  52E A 901      49.017  19.084  10.376  1.00 37.27    -0.299 N 
INPUT-FLEXRES-PDBQT: ENDROOT
INPUT-FLEXRES-PDBQT: BRANCH   1   3
INPUT-FLEXRES-PDBQT: HETATM    3  C11 52E A 901      46.084  18.465   7.896  1.00 33.51     0.158 C 
INPUT-FLEXRES-PDBQT: BRANCH   3   4
INPUT-FLEXRES-PDBQT: HETATM    4  C10 52E A 901      45.351  19.750   7.523  1.00 30.05     0.015 A 
INPUT-FLEXRES-PDBQT: HETATM    5  C6  52E A 901      44.045  19.694   7.045  1.00 31.30     0.083 A 
INPUT-FLEXRES-PDBQT: HETATM    6 CL1  52E A 901      43.256  18.181   6.873  1.00 47.11    -0.080 Cl
INPUT-FLEXRES-PDBQT: HETATM    7  C5  52E A 901      43.367  20.888   6.699  1.00 27.94     0.150 A 
INPUT-FLEXRES-PDBQT: HETATM    8  F35 52E A 901      42.120  20.836   6.243  1.00 38.62    -0.203 F 
INPUT-FLEXRES-PDBQT: HETATM    9  C7  52E A 901      43.995  22.093   6.836  1.00 29.09     0.030 A 
INPUT-FLEXRES-PDBQT: HETATM   10  C8  52E A 901      45.300  22.147   7.314  1.00 28.50     0.002 A 
INPUT-FLEXRES-PDBQT: HETATM   11  C9  52E A 901      45.977  20.958   7.658  1.00 25.58    -0.001 A 
INPUT-FLEXRES-PDBQT: ENDBRANCH   3   4
INPUT-FLEXRES-PDBQT: ENDBRANCH   1   3
INPUT-FLEXRES-PDBQT: BRANCH   2  12
INPUT-FLEXRES-PDBQT: HETATM   12  C14 52E A 901      49.211  19.458  11.781  1.00 37.33     0.118 C 
INPUT-FLEXRES-PDBQT: BRANCH  12  13
INPUT-FLEXRES-PDBQT: HETATM   13  C15 52E A 901      50.271  18.586  12.509  1.00 31.94     0.061 C 
INPUT-FLEXRES-PDBQT: BRANCH  13  14
INPUT-FLEXRES-PDBQT: HETATM   14  C16 52E A 901      50.164  17.093  12.361  1.00 40.74     0.187 C 
INPUT-FLEXRES-PDBQT: HETATM   15  O31 52E A 901      51.432  16.575  12.055  1.00 50.51    -0.221 OA
INPUT-FLEXRES-PDBQT: BRANCH  14  16
INPUT-FLEXRES-PDBQT: HETATM   16  C17 52E A 901      49.644  16.427  13.586  1.00 36.32     0.215 C 
INPUT-FLEXRES-PDBQT: HETATM   17  O30 52E A 901      48.277  16.153  13.643  1.00 46.55    -0.218 OA
INPUT-FLEXRES-PDBQT: ENDBRANCH  14  16
INPUT-FLEXRES-PDBQT: ENDBRANCH  13  14
INPUT-FLEXRES-PDBQT: ENDBRANCH  12  13
INPUT-FLEXRES-PDBQT: BRANCH  12  18
INPUT-FLEXRES-PDBQT: HETATM   18  C18 52E A 901      49.549  20.931  11.889  1.00 31.26     0.176 C 
INPUT-FLEXRES-PDBQT: BRANCH  18  19
INPUT-FLEXRES-PDBQT: HETATM   19  O32 52E A 901      49.327  21.722  10.777  1.00 37.28    -0.281 OA
INPUT-FLEXRES-PDBQT: BRANCH  19  20
INPUT-FLEXRES-PDBQT: HETATM   20  C19 52E A 901      48.398  22.730  10.837  1.00 33.97     0.389 C 
INPUT-FLEXRES-PDBQT: HETATM   21  O33 52E A 901      47.253  22.482  11.151  1.00 37.74    -0.236 OA
INPUT-FLEXRES-PDBQT: HETATM   22  N3  52E A 901      48.800  24.087  10.606  1.00 33.44    -0.167 NA
INPUT-FLEXRES-PDBQT: BRANCH  22  23
INPUT-FLEXRES-PDBQT: HETATM   23  C20 52E A 901      47.840  25.047  10.134  1.00 33.26     0.168 A 
INPUT-FLEXRES-PDBQT: HETATM   24  N4  52E A 901      46.548  24.713  10.069  1.00 28.63    -0.225 NA
INPUT-FLEXRES-PDBQT: HETATM   25  C24 52E A 901      45.643  25.614   9.626  1.00 25.22     0.101 A 
INPUT-FLEXRES-PDBQT: HETATM   26  C23 52E A 901      46.006  26.937   9.213  1.00 24.85     0.019 A 
INPUT-FLEXRES-PDBQT: HETATM   27  C28 52E A 901      45.015  27.874   8.745  1.00 28.06     0.002 A 
INPUT-FLEXRES-PDBQT: HETATM   28  C22 52E A 901      47.323  27.303   9.270  1.00 26.20     0.005 A 
INPUT-FLEXRES-PDBQT: HETATM   29  C27 52E A 901      45.396  29.147   8.352  1.00 31.73     0.000 A 
INPUT-FLEXRES-PDBQT: HETATM   30  C26 52E A 901      46.742  29.524   8.409  1.00 28.50     0.000 A 
INPUT-FLEXRES-PDBQT: HETATM   31  C25 52E A 901      47.715  28.605   8.869  1.00 26.71     0.000 A 
INPUT-FLEXRES-PDBQT: HETATM   32  C21 52E A 901      48.268  26.325   9.746  1.00 29.60     0.039 A 
INPUT-FLEXRES-PDBQT: ENDBRANCH  22  23
INPUT-FLEXRES-PDBQT: ENDBRANCH  19  20
INPUT-FLEXRES-PDBQT: ENDBRANCH  18  19
INPUT-FLEXRES-PDBQT: ENDBRANCH  12  18
INPUT-FLEXRES-PDBQT: ENDBRANCH   2  12
INPUT-FLEXRES-PDBQT: END_RES 52E A 901
INPUT-FLEXRES-PDBQT: BEGIN_RES 52E A 901
INPUT-FLEXRES-PDBQT: REMARK  10 active torsions:
INPUT-FLEXRES-PDBQT: REMARK  status: ('A' for Active; 'I' for Inactive)
INPUT-FLEXRES-PDBQT: REMARK       I    between atoms: N1   and  C12 
INPUT-FLEXRES-PDBQT: REMARK   11  A    between atoms: N1   and  C11 
INPUT-FLEXRES-PDBQT: REMARK       I    between atoms: N3   and  C19 
INPUT-FLEXRES-PDBQT: REMARK   12  A    between atoms: N3   and  C20 
INPUT-FLEXRES-PDBQT: REMARK   13  A    between atoms: C15  and  C14 
INPUT-FLEXRES-PDBQT: REMARK   14  A    between atoms: C15  and  C16 
INPUT-FLEXRES-PDBQT: REMARK   15  A    between atoms: C16  and  C17 
INPUT-FLEXRES-PDBQT: REMARK       I    between atoms: N2   and  C12 
INPUT-FLEXRES-PDBQT: REMARK   16  A    between atoms: N2   and  C14 
INPUT-FLEXRES-PDBQT: REMARK   17  A    between atoms: C10  and  C11 
INPUT-FLEXRES-PDBQT: REMARK   18  A    between atoms: C14  and  C18 
INPUT-FLEXRES-PDBQT: REMARK   19  A    between atoms: C18  and  O32 
INPUT-FLEXRES-PDBQT: REMARK   20  A    between atoms: C19  and  O32 
INPUT-FLEXRES-PDBQT: ROOT
INPUT-FLEXRES-PDBQT: HETATM   33  N1  52E A 901      47.444  18.588   8.437  1.00 33.64    -0.214 NA
INPUT-FLEXRES-PDBQT: HETATM   34  N2  52E A 901      49.017  19.084  10.376  1.00 37.27    -0.299 N 
INPUT-FLEXRES-PDBQT: ENDROOT
INPUT-FLEXRES-PDBQT: BRANCH  33  35
INPUT-FLEXRES-PDBQT: HETATM   35  C11 52E A 901      46.084  18.465   7.896  1.00 33.51     0.158 C 
INPUT-FLEXRES-PDBQT: BRANCH  35  36
INPUT-FLEXRES-PDBQT: HETATM   36  C10 52E A 901      45.351  19.750   7.523  1.00 30.05     0.015 A 
INPUT-FLEXRES-PDBQT: HETATM   37  C6  52E A 901      44.045  19.694   7.045  1.00 31.30     0.083 A 
INPUT-FLEXRES-PDBQT: HETATM   38 CL1  52E A 901      43.256  18.181   6.873  1.00 47.11    -0.080 Cl
INPUT-FLEXRES-PDBQT: HETATM   39  C5  52E A 901      43.367  20.888   6.699  1.00 27.94     0.150 A 
INPUT-FLEXRES-PDBQT: HETATM   40  F35 52E A 901      42.120  20.836   6.243  1.00 38.62    -0.203 F 
INPUT-FLEXRES-PDBQT: HETATM   41  C7  52E A 901      43.995  22.093   6.836  1.00 29.09     0.030 A 
INPUT-FLEXRES-PDBQT: HETATM   42  C8  52E A 901      45.300  22.147   7.314  1.00 28.50     0.002 A 
INPUT-FLEXRES-PDBQT: HETATM   43  C9  52E A 901      45.977  20.958   7.658  1.00 25.58    -0.001 A 
INPUT-FLEXRES-PDBQT: ENDBRANCH  35  36
INPUT-FLEXRES-PDBQT: ENDBRANCH  33  35
INPUT-FLEXRES-PDBQT: BRANCH  34  44
INPUT-FLEXRES-PDBQT: HETATM   44  C14 52E A 901      49.211  19.458  11.781  1.00 37.33     0.118 C 
INPUT-FLEXRES-PDBQT: BRANCH  44  45
INPUT-FLEXRES-PDBQT: HETATM   45  C18 52E A 901      49.549  20.931  11.889  1.00 31.26     0.176 C 
INPUT-FLEXRES-PDBQT: BRANCH  45  46
INPUT-FLEXRES-PDBQT: HETATM   46  O32 52E A 901      49.327  21.722  10.777  1.00 37.28    -0.281 OA
INPUT-FLEXRES-PDBQT: BRANCH  46  47
INPUT-FLEXRES-PDBQT: HETATM   47  C19 52E A 901      48.398  22.730  10.837  1.00 33.97     0.389 C 
INPUT-FLEXRES-PDBQT: HETATM   48  N3  52E A 901      48.800  24.087  10.606  1.00 33.44    -0.167 NA
INPUT-FLEXRES-PDBQT: HETATM   49  O33 52E A 901      47.253  22.482  11.151  1.00 37.74    -0.236 OA
INPUT-FLEXRES-PDBQT: BRANCH  48  50
INPUT-FLEXRES-PDBQT: HETATM   50  C20 52E A 901      47.840  25.047  10.134  1.00 33.26     0.168 A 
INPUT-FLEXRES-PDBQT: HETATM   51  N4  52E A 901      46.548  24.713  10.069  1.00 28.63    -0.225 NA
INPUT-FLEXRES-PDBQT: HETATM   52  C24 52E A 901      45.643  25.614   9.626  1.00 25.22     0.101 A 
INPUT-FLEXRES-PDBQT: HETATM   53  C23 52E A 901      46.006  26.937   9.213  1.00 24.85     0.019 A 
INPUT-FLEXRES-PDBQT: HETATM   54  C28 52E A 901      45.015  27.874   8.745  1.00 28.06     0.002 A 
INPUT-FLEXRES-PDBQT: HETATM   55  C22 52E A 901      47.323  27.303   9.270  1.00 26.20     0.005 A 
INPUT-FLEXRES-PDBQT: HETATM   56  C27 52E A 901      45.396  29.147   8.352  1.00 31.73     0.000 A 
INPUT-FLEXRES-PDBQT: HETATM   57  C26 52E A 901      46.742  29.524   8.409  1.00 28.50     0.000 A 
INPUT-FLEXRES-PDBQT: HETATM   58  C25 52E A 901      47.715  28.605   8.869  1.00 26.71     0.000 A 
INPUT-FLEXRES-PDBQT: HETATM   59  C21 52E A 901      48.268  26.325   9.746  1.00 29.60     0.039 A 
INPUT-FLEXRES-PDBQT: ENDBRANCH  48  50
INPUT-FLEXRES-PDBQT: ENDBRANCH  46  47
INPUT-FLEXRES-PDBQT: ENDBRANCH  45  46
INPUT-FLEXRES-PDBQT: ENDBRANCH  44  45
INPUT-FLEXRES-PDBQT: BRANCH  44  60
INPUT-FLEXRES-PDBQT: HETATM   60  C15 52E A 901      50.271  18.586  12.509  1.00 31.94     0.061 C 
INPUT-FLEXRES-PDBQT: BRANCH  60  61
INPUT-FLEXRES-PDBQT: HETATM   61  C16 52E A 901      50.164  17.093  12.361  1.00 40.74     0.187 C 
INPUT-FLEXRES-PDBQT: HETATM   62  O31 52E A 901      51.432  16.575  12.055  1.00 50.51    -0.221 OA
INPUT-FLEXRES-PDBQT: BRANCH  61  63
INPUT-FLEXRES-PDBQT: HETATM   63  C17 52E A 901      49.644  16.427  13.586  1.00 36.32     0.215 C 
INPUT-FLEXRES-PDBQT: HETATM   64  O30 52E A 901      48.277  16.153  13.643  1.00 46.55    -0.218 OA
INPUT-FLEXRES-PDBQT: ENDBRANCH  61  63
INPUT-FLEXRES-PDBQT: ENDBRANCH  60  61
INPUT-FLEXRES-PDBQT: ENDBRANCH  44  60
INPUT-FLEXRES-PDBQT: ENDBRANCH  34  44
INPUT-FLEXRES-PDBQT: END_RES 52E A 901
________________________________________________________________________________

Total charge on ligand                               =	-0.000 e
REMARK  10 active torsions:
REMARK  status: ('A' for Active; 'I' for Inactive)
REMARK    1  A    between atoms: N1_1  and  C11_16 
REMARK       I    between atoms: N1_1  and  C12_17 
REMARK       I    between atoms: N3_3  and  C19_21 
REMARK    2  A    between atoms: N3_3  and  C20_22 
REMARK    3  A    between atoms: C15_5  and  C16_6 
REMARK    4  A    between atoms: C15_5  and  C14_19 
REMARK    5  A    between atoms: C16_6  and  C17_7 
REMARK       I    between atoms: N2_10  and  C12_17 
REMARK    6  A    between atoms: N2_10  and  C14_19 
REMARK    7  A    between atoms: C10_15  and  C11_16 
REMARK    8  A    between atoms: C14_19  and  C18_20 
REMARK    9  A    between atoms: C18_20  and  O32_32 
REMARK   10  A    between atoms: C19_21  and  O32_32 
REMARK  10 active torsions:
REMARK  status: ('A' for Active; 'I' for Inactive)
REMARK       I    between atoms: N1   and  C12 
REMARK    1  A    between atoms: N1   and  C11 
REMARK       I    between atoms: N2   and  C12 
REMARK    2  A    between atoms: N2   and  C14 
REMARK    3  A    between atoms: C11  and  C10 
REMARK    4  A    between atoms: C14  and  C15 
REMARK    5  A    between atoms: C14  and  C18 
REMARK    6  A    between atoms: C15  and  C16 
REMARK    7  A    between atoms: C16  and  C17 
REMARK    8  A    between atoms: C18  and  O32 
REMARK    9  A    between atoms: O32  and  C19 
REMARK       I    between atoms: C19  and  N3  
REMARK   10  A    between atoms: N3   and  C20 
REMARK  10 active torsions:
REMARK  status: ('A' for Active; 'I' for Inactive)
REMARK       I    between atoms: N1   and  C12 
REMARK   11  A    between atoms: N1   and  C11 
REMARK       I    between atoms: N3   and  C19 
REMARK   12  A    between atoms: N3   and  C20 
REMARK   13  A    between atoms: C15  and  C14 
REMARK   14  A    between atoms: C15  and  C16 
REMARK   15  A    between atoms: C16  and  C17 
REMARK       I    between atoms: N2   and  C12 
REMARK   16  A    between atoms: N2   and  C14 
REMARK   17  A    between atoms: C10  and  C11 
REMARK   18  A    between atoms: C14  and  C18 
REMARK   19  A    between atoms: C18  and  O32 
REMARK   20  A    between atoms: C19  and  O32 


Number of Rotatable Bonds in Small Molecule =	30 torsions
Number of atoms in ligand:  35

Number of non-hydrogen atoms in ligand:  35

Number of vibrational degrees of freedom of ligand:  99


Number of torsional degrees of freedom = 10
Estimated loss of torsional free energy upon binding = +2.9830 kcal/mol


DPF> flexres Flex.pdbqt                  # file containing flexible residues

The flexible residues will be read in from "Flex.pdbqt".
DPF> about 47.1218 21.8565 9.6118         # small molecule center

Small molecule center of rotation =	(+47.122, +21.857, +9.612)

DPF> tran0 random                         # initial coordinates/A or random

Initial translation =			(49.209, 22.054, 9.521) Angstroms
DPF> quaternion0 random                   # initial orientation

Each run will begin with a new, random initial orientation.
Initial quaternion,  (x,y,z,w) =	( 0.054, -0.979, -0.132, 0.147 ),
DPF> dihe0 random                         # initial dihedrals (relative) or random

DPF> torsdof 10                            # torsional degrees of freedom

Number of torsional degrees of freedom = 10
Free energy coefficient for torsional degrees of freedom = 0.2983, the factory default value.

Estimated loss of torsional free energy upon binding = +2.9830 kcal/mol

DPF> rmstol 2.0                           # cluster_tolerance/A

Maximum RMS tolerance for conformational cluster analysis = 2.00 Angstroms
DPF> extnrg 1000.0                        # external grid energy

External grid energy (beyond grid map walls) = 1000.00

DPF> e0max 0.0 10000                      # max initial energy; max number of retries

Using user-specified maximum number of retries for simanneal initialization, 10000 retries.
If the simanneal initial energy is greater than e0max, 0.000,
then a new, random initial state will be created.

DPF> ga_pop_size 150                      # number of individuals in population

A population of 150 individuals will be used
DPF> ga_num_evals 2500000                 # maximum number of energy evaluations

There will be at most 2500000 function evaluations used.
DPF> ga_num_generations 27000             # maximum number of generations

The GA will run for at most 27000 generations.
DPF> ga_elitism 1                         # number of top individuals to survive to next generation

The 1 best will be preserved each GA generation.
DPF> ga_mutation_rate 0.02                # rate of gene mutation

The mutation rate is 0.020000.
DPF> ga_crossover_rate 0.8                # rate of crossover

The crossover rate is 0.800000.
DPF> ga_window_size 10                    # 

The GA's selection window is 10 generations.
DPF> ga_cauchy_alpha 0.0                  # Alpha parameter of Cauchy distribution

The alpha parameter (for the Cauchy distribution) is being set to 0.000000.
DPF> ga_cauchy_beta 1.0                   # Beta parameter Cauchy distribution

The beta parameter (for the Cauchy distribution) is being set to 1.000000.
DPF> set_ga                               # set the above parameters for GA or LGA

DPF> sw_max_its 300                       # iterations of Solis & Wets local search

Solis & Wets algorithms will perform at most 300 iterations.
DPF> sw_max_succ 4                        # consecutive successes before changing rho

Solis & Wets algorithms expand rho every 4 in a row successes.
DPF> sw_max_fail 4                        # consecutive failures before changing rho

Solis & Wets algorithms contract rho every 4 in a row failures.
DPF> sw_rho 1.0                           # size of local search space to sample

rho is set to 1.000000.
DPF> sw_lb_rho 0.01                       # lower bound on rho

rho will never get smaller than 0.010000.
DPF> ls_search_freq 0.06                  # probability of performing local search on individual

Local search will be performed with frequency 0.060000.
DPF> set_psw1                             # set the above pseudo-Solis & Wets parameters

Creating a new Local Search object using the pseudo-Solis-Wets algorithm (pSW1) with the current settings.

DPF> unbound_model bound                  # state of unbound ligand

DPF> ga_run 100                           # do this many hybrid GA-LS runs

centering ligand on specified point: 47.122 21.857 9.612
Furthest true ligand atom from "about" center is 7.771 Angstroms (maxrad).
Number of requested GA dockings = 100 runs
Unbound model to be used is 'same as bound' [AutoDock 4.2 default].

	BEGINNING GENETIC ALGORITHM DOCKING 1 of 100
Run: 1 Seed: 1163074374 2139216159 [ Run 1 of 100 GA/GALS ]
Beginning LAMARCKIAN GENETIC ALGORITHM (LGA), with a maximum of 2500000 energy evaluations.

Final-Value: 148.520


	FINAL GENETIC ALGORITHM DOCKED STATE
	_______________________________________________


Detailed state:  trans 45.348 28.519 11.926 quatxyzw 0.275425 0.781333 0.494667 -0.262609 center 47.122 21.857 9.612 ntor 30 129.4659 -169.9861 -176.8177 -30.1821 97.4158 -142.3788 122.1225 -37.4160 -114.4045 -48.4339 159.4950 -37.4601 179.2417 134.9555 -34.4882 160.8396 -29.3724 -46.4720 -149.9346 -156.4029 101.1883 171.7333 0.0476 -62.7657 -35.4147 -156.3138 -113.9225 165.6049 21.4481 60.5605
State:	 45.348  28.519  11.926   0.285  0.810  0.513 -149.550    129.47 -169.99 -176.82  -30.18   97.42 -142.38  122.12  -37.42 -114.40  -48.43  159.50  -37.46  179.24  134.96  -34.49  160.84  -29.37  -46.47 -149.93 -156.40  101.19  171.73    0.05  -62.77  -35.41 -156.31 -113.92  165.60   21.45   60.56

DOCKED: MODEL        1
DOCKED: USER    Run = 1
DOCKED: USER    DPF = dpf.dpf
DOCKED: USER  
DOCKED: USER    Estimated Free Energy of Binding    =  +61.43 kcal/mol  [=(1)+(2)+(3)-(4)]
DOCKED: USER    
DOCKED: USER    (1) Final Intermolecular Energy     =  +58.45 kcal/mol
DOCKED: USER        Moving Ligand-Fixed Receptor    =  +46.67 kcal/mol
DOCKED: USER           vdW + Hbond + desolv Energy  =  +46.78 kcal/mol
DOCKED: USER           Electrostatic Energy         =   -0.11 kcal/mol
DOCKED: USER        Moving Ligand-Moving Receptor   =  +11.77 kcal/mol
DOCKED: USER           vdW + Hbond + desolv Energy  =  +11.74 kcal/mol
DOCKED: USER           Electrostatic Energy         =   +0.03 kcal/mol
DOCKED: USER    (2) Final Total Internal Energy     =  +90.07 kcal/mol
DOCKED: USER        Internal Energy Ligand          =  +27.56 kcal/mol
DOCKED: USER        Internal Moving-Fixed Receptor  =  +55.84 kcal/mol
DOCKED: USER        Internal Moving-Moving Receptor =   +6.67 kcal/mol
DOCKED: USER    (3) Torsional Free Energy           =   +2.98 kcal/mol
DOCKED: USER    (4) Unbound System's Energy  [=(2)] =  +90.07 kcal/mol
DOCKED: USER    
DOCKED: USER    
DOCKED: USER    NEWDPF move 52E.pdbqt
DOCKED: USER    NEWDPF about 47.121800 21.856500 9.611800
DOCKED: USER    NEWDPF tran0 45.347534 28.519491 11.926443
DOCKED: USER    NEWDPF quaternion0 0.275425 0.781333 0.494667 -0.262609
DOCKED: USER    NEWDPF axisangle0 0.285443 0.809754 0.512660 -149.550152
DOCKED: USER    NEWDPF quat0 0.285443 0.809754 0.512660 -149.550152
DOCKED: USER    NEWDPF dihe0 129.47 -169.99 -176.82 -30.18 97.42 -142.38 122.12 -37.42 -114.40 -48.43 159.50 -37.46 179.24 134.96 -34.49 160.84 -29.37 -46.47 -149.93 -156.40 101.19 171.73 0.05 -62.77 -35.41 -156.31 -113.92 165.60 21.45 60.56 
DOCKED: USER  keepresnum = 1 
DOCKED: USER  
DOCKED: REMARK  10 active torsions:
DOCKED: REMARK  status: ('A' for Active; 'I' for Inactive)
DOCKED: REMARK    1  A    between atoms: N1_1  and  C11_16 
DOCKED: REMARK       I    between atoms: N1_1  and  C12_17 
DOCKED: REMARK       I    between atoms: N3_3  and  C19_21 
DOCKED: REMARK    2  A    between atoms: N3_3  and  C20_22 
DOCKED: REMARK    3  A    between atoms: C15_5  and  C16_6 
DOCKED: REMARK    4  A    between atoms: C15_5  and  C14_19 
DOCKED: REMARK    5  A    between atoms: C16_6  and  C17_7 
DOCKED: REMARK       I    between atoms: N2_10  and  C12_17 
DOCKED: REMARK    6  A    between atoms: N2_10  and  C14_19 
DOCKED: REMARK    7  A    between atoms: C10_15  and  C11_16 
DOCKED: REMARK    8  A    between atoms: C14_19  and  C18_20 
DOCKED: REMARK    9  A    between atoms: C18_20  and  O32_32 
DOCKED: REMARK   10  A    between atoms: C19_21  and  O32_32 
DOCKED: USER                              x       y       z     vdW  Elec       q    Type
DOCKED: USER                           _______ _______ _______ _____ _____    ______ ____
DOCKED: ROOT
DOCKED: ATOM      1  N1  52E A 901      43.759  26.831   9.320 -0.14 +0.05    -0.214 NA
DOCKED: ATOM      2  N2  52E A 901      44.050  29.313   8.836 -0.37 +0.17    -0.299 N 
DOCKED: ATOM      3  C12 52E A 901      44.631  27.970   9.116 -0.13 -0.13    +0.342 C 
DOCKED: ATOM      4  C13 52E A 901      42.590  29.483   8.766 +4.79 -0.04    +0.130 C 
DOCKED: ATOM      5  O29 52E A 901      45.854  27.827   9.174 -0.39 +0.09    -0.245 OA
DOCKED: ENDROOT
DOCKED: BRANCH   1   6
DOCKED: ATOM      6  C11 52E A 901      44.335  25.508   9.597 -0.06 -0.03    +0.158 C 
DOCKED: BRANCH   6   7
DOCKED: ATOM      7  C10 52E A 901      44.388  24.505   8.448 -0.40 -0.00    +0.015 A 
DOCKED: ATOM      8  C6  52E A 901      45.555  23.786   8.205 -0.24 -0.01    +0.083 A 
DOCKED: ATOM      9  C5  52E A 901      45.603  22.856   7.138 -0.10 -0.01    +0.150 A 
DOCKED: ATOM     10 CL1  52E A 901      46.936  24.026   9.194 -0.59 +0.02    -0.080 Cl
DOCKED: ATOM     11  C7  52E A 901      44.504  22.665   6.351 -0.46 -0.01    +0.030 A 
DOCKED: ATOM     12  F35 52E A 901      46.716  22.168   6.905 -0.17 +0.03    -0.203 F 
DOCKED: ATOM     13  C8  52E A 901      43.339  23.384   6.595 +1.40 -0.00    +0.002 A 
DOCKED: ATOM     14  C9  52E A 901      43.290  24.312   7.657 -0.06 +0.00    -0.001 A 
DOCKED: ENDBRANCH   6   7
DOCKED: ENDBRANCH   1   6
DOCKED: BRANCH   2  15
DOCKED: ATOM     15  C14 52E A 901      44.936  30.464   8.629 -0.19 -0.12    +0.118 C 
DOCKED: BRANCH  15  16
DOCKED: ATOM     16  C15 52E A 901      45.852  30.762   9.848+13.18 -0.04    +0.061 C 
DOCKED: BRANCH  16  17
DOCKED: ATOM     17  C16 52E A 901      47.006  29.830  10.095 -0.55 -0.08    +0.187 C 
DOCKED: ATOM     18  O31 52E A 901      48.189  30.446   9.655 -0.44 +0.12    -0.221 OA
DOCKED: BRANCH  17  19
DOCKED: ATOM     19  C17 52E A 901      47.151  29.457  11.528 +0.83 -0.06    +0.215 C 
DOCKED: ATOM     20  O30 52E A 901      48.432  29.488  12.079 +1.04 +0.12    -0.218 OA
DOCKED: ENDBRANCH  17  19
DOCKED: ENDBRANCH  16  17
DOCKED: ENDBRANCH  15  16
DOCKED: BRANCH  15  21
DOCKED: ATOM     21  C18 52E A 901      45.752  30.276   7.366 +2.02 -0.25    +0.176 C 
DOCKED: BRANCH  21  22
DOCKED: ATOM     22  O32 52E A 901      45.903  28.988   6.887 -0.04 +0.19    -0.281 OA
DOCKED: BRANCH  22  23
DOCKED: ATOM     23  C19 52E A 901      46.718  28.109   7.554 +0.05 -0.17    +0.389 C 
DOCKED: ATOM     24  N3  52E A 901      47.849  28.598   8.288 -0.46 +0.08    -0.167 NA
DOCKED: ATOM     25  O33 52E A 901      46.523  26.915   7.468+10.79 +0.02    -0.236 OA
DOCKED: BRANCH  24  26
DOCKED: ATOM     26  C20 52E A 901      48.373  27.836   9.388 -0.39 -0.06    +0.168 A 
DOCKED: ATOM     27  N4  52E A 901      49.548  28.174   9.927 +3.66 +0.08    -0.225 NA
DOCKED: ATOM     28  C24 52E A 901      50.042  27.459  10.962 +4.26 -0.03    +0.101 A 
DOCKED: ATOM     29  C23 52E A 901      49.357  26.333  11.522 +1.05 -0.01    +0.019 A 
DOCKED: ATOM     30  C22 52E A 901      48.152  25.966  10.988 +0.29 -0.00    +0.005 A 
DOCKED: ATOM     31  C28 52E A 901      49.913  25.591  12.627 +1.13 -0.00    +0.002 A 
DOCKED: ATOM     32  C21 52E A 901      47.646  26.744   9.886 -0.43 -0.01    +0.039 A 
DOCKED: ATOM     33  C25 52E A 901      47.448  24.857  11.520 +0.30 -0.00    +0.000 A 
DOCKED: ATOM     34  C26 52E A 901      47.995  24.129  12.603 +3.16 -0.00    +0.000 A 
DOCKED: ATOM     35  C27 52E A 901      49.227  24.506  13.148 +4.45 -0.00    +0.000 A 
DOCKED: ENDBRANCH  24  26
DOCKED: ENDBRANCH  22  23
DOCKED: ENDBRANCH  21  22
DOCKED: ENDBRANCH  15  21
DOCKED: ENDBRANCH   2  15
DOCKED: TORSDOF 10
DOCKED: BEGIN_RES 52E A 901
DOCKED: REMARK  10 active torsions:
DOCKED: REMARK  status: ('A' for Active; 'I' for Inactive)
DOCKED: REMARK       I    between atoms: N1   and  C12 
DOCKED: REMARK    1  A    between atoms: N1   and  C11 
DOCKED: REMARK       I    between atoms: N2   and  C12 
DOCKED: REMARK    2  A    between atoms: N2   and  C14 
DOCKED: REMARK    3  A    between atoms: C11  and  C10 
DOCKED: REMARK    4  A    between atoms: C14  and  C15 
DOCKED: REMARK    5  A    between atoms: C14  and  C18 
DOCKED: REMARK    6  A    between atoms: C15  and  C16 
DOCKED: REMARK    7  A    between atoms: C16  and  C17 
DOCKED: REMARK    8  A    between atoms: C18  and  O32 
DOCKED: REMARK    9  A    between atoms: O32  and  C19 
DOCKED: REMARK       I    between atoms: C19  and  N3  
DOCKED: REMARK   10  A    between atoms: N3   and  C20 
DOCKED: USER                              x       y       z     vdW  Elec       q    Type
DOCKED: USER                           _______ _______ _______ _____ _____    ______ ____
DOCKED: ROOT
DOCKED: ATOM     36  N1  52E A 901      47.444  18.588   8.437 +0.00 +0.00    -0.214 NA
DOCKED: ATOM     37  N2  52E A 901      49.017  19.084  10.376 +0.00 +0.00    -0.299 N 
DOCKED: ENDROOT
DOCKED: BRANCH   1   3
DOCKED: ATOM     38  C11 52E A 901      46.084  18.465   7.896 +1.24 +0.02    +0.158 C 
DOCKED: BRANCH   3   4
DOCKED: ATOM     39  C10 52E A 901      45.839  17.402   6.829 -0.38 -0.00    +0.015 A 
DOCKED: ATOM     40  C6  52E A 901      46.911  16.862   6.125 +0.76 -0.01    +0.083 A 
DOCKED: ATOM     41 CL1  52E A 901      48.510  17.389   6.453 +1.53 -0.00    -0.080 Cl
DOCKED: ATOM     42  C5  52E A 901      46.682  15.876   5.134 +1.03 -0.04    +0.150 A 
DOCKED: ATOM     43  F35 52E A 901      47.704  15.359   4.462 -0.26 +0.04    -0.203 F 
DOCKED: ATOM     44  C7  52E A 901      45.409  15.456   4.872 +1.53 -0.01    +0.030 A 
DOCKED: ATOM     45  C8  52E A 901      44.339  15.998   5.577 +3.85 -0.00    +0.002 A 
DOCKED: ATOM     46  C9  52E A 901      44.566  16.980   6.563 +0.24 +0.00    -0.001 A 
DOCKED: ENDBRANCH   3   4
DOCKED: ENDBRANCH   1   3
DOCKED: BRANCH   2  12
DOCKED: ATOM     47  C14 52E A 901      49.211  19.458  11.781 +2.58 +0.02    +0.118 C 
DOCKED: BRANCH  12  13
DOCKED: ATOM     48  C15 52E A 901      50.577  18.993  12.358 -0.11 +0.00    +0.061 C 
DOCKED: BRANCH  13  14
DOCKED: ATOM     49  C16 52E A 901      50.658  17.598  12.914 -0.25 +0.00    +0.187 C 
DOCKED: ATOM     50  O31 52E A 901      51.228  17.652  14.196 -0.19 +0.03    -0.221 OA
DOCKED: BRANCH  14  16
DOCKED: ATOM     51  C17 52E A 901      49.331  16.930  12.995 -0.22 -0.03    +0.215 C 
DOCKED: ATOM     52  O30 52E A 901      48.459  17.342  14.004 -0.25 +0.04    -0.218 OA
DOCKED: ENDBRANCH  14  16
DOCKED: ENDBRANCH  13  14
DOCKED: ENDBRANCH  12  13
DOCKED: BRANCH  12  18
DOCKED: ATOM     53  C18 52E A 901      49.025  20.951  11.956 -0.22 -0.04    +0.176 C 
DOCKED: BRANCH  18  19
DOCKED: ATOM     54  O32 52E A 901      49.861  21.601  12.844 +0.00 +0.19    -0.281 OA
DOCKED: BRANCH  19  20
DOCKED: ATOM     55  C19 52E A 901      50.733  22.554  12.381 +5.05 -0.54    +0.389 C 
DOCKED: ATOM     56  O33 52E A 901      51.024  23.502  13.079 +9.04 +0.31    -0.236 OA
DOCKED: ATOM     57  N3  52E A 901      51.362  22.386  11.103 +4.20 +0.24    -0.167 NA
DOCKED: BRANCH  22  23
DOCKED: ATOM     58  C20 52E A 901      51.815  23.537  10.372 +7.32 -0.23    +0.168 A 
DOCKED: ATOM     59  N4  52E A 901      51.298  24.739  10.644 +1.17 +0.15    -0.225 NA
DOCKED: ATOM     60  C24 52E A 901      51.724  25.823   9.958 -0.32 -0.05    +0.101 A 
DOCKED: ATOM     61  C23 52E A 901      52.721  25.749   8.932 -0.53 -0.01    +0.019 A 
DOCKED: ATOM     62  C28 52E A 901      53.152  26.926   8.220 +4.63 -0.00    +0.002 A 
DOCKED: ATOM     63  C22 52E A 901      53.265  24.530   8.635 -0.66 -0.00    +0.005 A 
DOCKED: ATOM     64  C27 52E A 901      54.119  26.823   7.232 +1.50 -0.00    +0.000 A 
DOCKED: ATOM     65  C26 52E A 901      54.677  25.578   6.926 +0.07 -0.00    +0.000 A 
DOCKED: ATOM     66  C25 52E A 901      54.255  24.422   7.626 -0.73 -0.00    +0.000 A 
DOCKED: ATOM     67  C21 52E A 901      52.796  23.389   9.380 +2.95 -0.05    +0.039 A 
DOCKED: ENDBRANCH  22  23
DOCKED: ENDBRANCH  19  20
DOCKED: ENDBRANCH  18  19
DOCKED: ENDBRANCH  12  18
DOCKED: ENDBRANCH   2  12
DOCKED: END_RES 52E A 901
DOCKED: BEGIN_RES 52E A 901
DOCKED: REMARK  10 active torsions:
DOCKED: REMARK  status: ('A' for Active; 'I' for Inactive)
DOCKED: REMARK       I    between atoms: N1   and  C12 
DOCKED: REMARK   11  A    between atoms: N1   and  C11 
DOCKED: REMARK       I    between atoms: N3   and  C19 
DOCKED: REMARK   12  A    between atoms: N3   and  C20 
DOCKED: REMARK   13  A    between atoms: C15  and  C14 
DOCKED: REMARK   14  A    between atoms: C15  and  C16 
DOCKED: REMARK   15  A    between atoms: C16  and  C17 
DOCKED: REMARK       I    between atoms: N2   and  C12 
DOCKED: REMARK   16  A    between atoms: N2   and  C14 
DOCKED: REMARK   17  A    between atoms: C10  and  C11 
DOCKED: REMARK   18  A    between atoms: C14  and  C18 
DOCKED: REMARK   19  A    between atoms: C18  and  O32 
DOCKED: REMARK   20  A    between atoms: C19  and  O32 
DOCKED: USER                              x       y       z     vdW  Elec       q    Type
DOCKED: USER                           _______ _______ _______ _____ _____    ______ ____
DOCKED: ROOT
DOCKED: ATOM     68  N1  52E A 901      47.444  18.588   8.437 +0.00 +0.00    -0.214 NA
DOCKED: ATOM     69  N2  52E A 901      49.017  19.084  10.376 +0.00 +0.00    -0.299 N 
DOCKED: ENDROOT
DOCKED: BRANCH  33  35
DOCKED: ATOM     70  C11 52E A 901      46.084  18.465   7.896 +1.24 +0.02    +0.158 C 
DOCKED: BRANCH  35  36
DOCKED: ATOM     71  C10 52E A 901      45.079  19.556   8.251 -0.33 -0.00    +0.015 A 
DOCKED: ATOM     72  C6  52E A 901      44.125  19.956   7.319 -0.47 -0.01    +0.083 A 
DOCKED: ATOM     73 CL1  52E A 901      44.078  19.224   5.769 -0.51 +0.00    -0.080 Cl
DOCKED: ATOM     74  C5  52E A 901      43.194  20.970   7.651 -0.40 -0.04    +0.150 A 
DOCKED: ATOM     75  F35 52E A 901      42.283  21.352   6.763 -0.17 +0.03    -0.203 F 
DOCKED: ATOM     76  C7  52E A 901      43.231  21.553   8.886 +3.22 -0.01    +0.030 A 
DOCKED: ATOM     77  C8  52E A 901      44.185  21.152   9.815 +1.75 -0.00    +0.002 A 
DOCKED: ATOM     78  C9  52E A 901      45.114  20.143   9.486 +4.56 +0.00    -0.001 A 
DOCKED: ENDBRANCH  35  36
DOCKED: ENDBRANCH  33  35
DOCKED: BRANCH  34  44
DOCKED: ATOM     79  C14 52E A 901      49.211  19.458  11.781 +2.58 +0.02    +0.118 C 
DOCKED: BRANCH  44  45
DOCKED: ATOM     80  C18 52E A 901      48.208  20.519  12.184 +0.68 -0.03    +0.176 C 
DOCKED: BRANCH  45  46
DOCKED: ATOM     81  O32 52E A 901      48.639  21.833  12.206 +0.14 +0.10    -0.281 OA
DOCKED: BRANCH  46  47
